0.094756
-0.632308
0.042463
-0.479270
0.010160
-0.401966
-0.013117
-0.353640
-0.031165
-0.319988
-0.045818
-0.294880
-0.058089
-0.275306
-0.068571
-0.259489
-0.077664
-0.246448
-0.085639
-0.235494
-0.092707
-0.226188
-0.098976
-0.218163
-0.104590
-0.211215
-0.109600
-0.205180
-0.114087
-0.199891
-0.118138
-0.195212
-0.121766
-0.191079
-0.125081
-0.187421
-0.128051
-0.184176
-0.130751
-0.181247
-0.133161
-0.178705
-0.135308
-0.176417
-0.137288
-0.174367
-0.139056
-0.172524
-0.140682
-0.170867
-0.142154
-0.169375
-0.143468
-0.168017
-0.144680
-0.166805
-0.145760
-0.165725
-0.146760
-0.164731
-0.147672
-0.163834
-0.148496
-0.163011
-0.149245
-0.162272
-0.149932
-0.161592
-0.150543
-0.160986
-0.151103
-0.160433
-0.151628
-0.159945
-0.152091
-0.159493
-0.152514
-0.159081
-0.152904
-0.158697
-0.153246
-0.158366
-0.153512
-0.158135
-0.153738
-0.157924
-0.153922
-0.157751
-0.154099
-0.157579
-0.154277
-0.157411
-0.154421
-0.157282
-0.154557
-0.157150
-0.154663
-0.157033
-0.154777
-0.156919
-0.154884
-0.156820
-0.154968
-0.156744
-0.155052
-0.156655
-0.155136
-0.156601
-0.155195
-0.156517
-0.155263
-0.156467
-0.155319
-0.156412
-0.155359
-0.156358
-0.155419
-0.156323
-0.155455
-0.156287
-0.155488
-0.156234
-0.155523
-0.156202
-0.155568
-0.156179
-0.155595
-0.156152
-0.155617
-0.156132
-0.155636
-0.156091
-0.155657
-0.156074
-0.155679
-0.156057
-0.155709
-0.156042
-0.155721
-0.156032
-0.155738
-0.156016
-0.155750
-0.156005
-0.155758
-0.155994
-0.155770
-0.155970
-0.155779
-0.155958
-0.155788
-0.155950
-0.155794
-0.155941
-0.155803
-0.155933
-0.155810
-0.155927
-0.155816
-0.155923
-0.155822
-0.155921
-0.155825
-0.155917
-0.155831
-0.155914
-0.155846
-0.155910
-0.155850
-0.155906
-0.155854
-0.155903
-0.155856
