0.094760
-0.632324
0.042462
-0.479271
0.010149
-0.401926
-0.013100
-0.353645
-0.031140
-0.320049
-0.045786
-0.294950
-0.058076
-0.275253
-0.068593
-0.259458
-0.077671
-0.246446
-0.085626
-0.235527
-0.092642
-0.226258
-0.098881
-0.218310
-0.104452
-0.211399
-0.109453
-0.205373
-0.113928
-0.200084
-0.118006
-0.195359
-0.121662
-0.191219
-0.124958
-0.187554
-0.127928
-0.184311
-0.130621
-0.181398
-0.133047
-0.178807
-0.135241
-0.176508
-0.137217
-0.174439
-0.139007
-0.172576
-0.140635
-0.170913
-0.142090
-0.169433
-0.143411
-0.168112
-0.144583
-0.166929
-0.145657
-0.165875
-0.146596
-0.164920
-0.147452
-0.164064
-0.148237
-0.163312
-0.148936
-0.162624
-0.149544
-0.162014
-0.150110
-0.161411
-0.150690
-0.160843
-0.151208
-0.160350
-0.151679
-0.159894
-0.152100
-0.159487
-0.152485
-0.159108
-0.152826
-0.158784
-0.153147
-0.158488
-0.153423
-0.158219
-0.153656
-0.157983
-0.153890
-0.157771
-0.154082
-0.157586
-0.154279
-0.157399
-0.154433
-0.157247
-0.154580
-0.157110
-0.154710
-0.157000
-0.154818
-0.156880
-0.154927
-0.156775
-0.155030
-0.156686
-0.155102
-0.156613
-0.155187
-0.156527
-0.155253
-0.156469
-0.155324
-0.156400
-0.155370
-0.156351
-0.155433
-0.156311
-0.155474
-0.156254
-0.155507
-0.156216
-0.155553
-0.156188
-0.155589
-0.156157
-0.155619
-0.156121
-0.155638
-0.156090
-0.155661
-0.156071
-0.155686
-0.156052
-0.155716
-0.156038
-0.155731
-0.156022
-0.155748
-0.156006
-0.155762
-0.155995
-0.155770
-0.155971
-0.155783
-0.155958
-0.155790
-0.155946
-0.155800
-0.155939
-0.155807
-0.155930
-0.155815
-0.155927
-0.155820
-0.155921
-0.155827
-0.155918
-0.155830
-0.155916
-0.155841
-0.155911
-0.155852
-0.155906
-0.155857
-0.155903
