-74 -69 
-74 -67 
-74 -66 
-74 -64 
-74 -63 
-74 -62 
-74 -61 
-74 -60 
-74 -59 
-74 -58 
-74 -57 
-74 -56 
-74 -55 
-74 -54 
-74 -53 
-74 -52 
-74 -51 
-74 -50 
-74 -49 
-74 -48 
-74 -47 
-74 -46 
-74 -45 
-74 -44 
-74 -43 
-74 -42 
-74 -41 
-74 -40 
-74 -39 
-74 -38 
-74 -37 
-74 -36 
-74 -35 
-74 -34 
-74 -33 
-74 -32 
-74 -31 
-74 -30 
-74 -29 
-74 -28 
-74 -27 
-74 -26 
-74 -25 
-74 -24 
-74 -23 
-74 -22 
-74 -21 
-74 -20 
-74 -19 
-74 -18 
-74 -17 
-74 -16 
-74 -15 
-74 -14 
-74 -13 
-74 -12 
-74 -11 
-74 -10 
-74 -9 
-74 -8 
-74 -7 
-74 -6 
-74 -5 
-74 -4 
-74 -3 
-74 -2 
-74 -1 
-74 0 
-74 1 
-74 2 
-74 3 
-74 4 
-74 5 
-74 6 
-74 7 
-74 8 
-74 9 
-74 10 
-74 11 
-74 12 
-74 13 
-74 14 
-74 15 
-74 16 
-74 17 
-74 18 
-74 19 
-74 20 
-74 21 
-74 22 
-74 23 
-74 24 
-74 25 
-74 26 
-74 27 
-74 28 
-74 29 
-74 30 
-74 31 
-74 32 
-74 33 
-74 34 
-74 35 
-74 36 
-74 37 
-74 38 
-74 39 
-74 40 
-74 41 
-74 42 
-74 43 
-74 44 
-74 45 
-74 46 
-74 47 
-74 48 
-74 49 
-74 50 
-74 51 
-74 52 
-74 53 
-74 54 
-74 55 
-74 56 
-74 57 
-74 58 
-74 59 
-74 60 
-74 61 
-74 62 
-74 63 
-74 64 
-74 65 
-74 66 
-74 67 
-74 68 
-74 69 
-74 70 
-74 71 
-74 72 
-74 73 
-73 -69 
-73 -68 
-73 -67 
-73 -66 
-73 -65 
-73 -64 
-73 -63 
-73 -62 
-73 -61 
-73 -60 
-73 -59 
-73 -58 
-73 -57 
-73 -56 
-73 -55 
-73 -54 
-73 -53 
-73 -52 
-73 -51 
-73 -50 
-73 -49 
-73 -48 
-73 -47 
-73 -46 
-73 -45 
-73 -44 
-73 -43 
-73 -42 
-73 -41 
-73 -40 
-73 -39 
-73 -38 
-73 -37 
-73 -36 
-73 -35 
-73 -34 
-73 -33 
-73 -32 
-73 -31 
-73 -30 
-73 -29 
-73 -28 
-73 -27 
-73 -26 
-73 -25 
-73 -24 
-73 -23 
-73 -22 
-73 -21 
-73 -20 
-73 -19 
-73 -18 
-73 -17 
-73 -16 
-73 -15 
-73 -14 
-73 -13 
-73 -12 
-73 -11 
-73 -10 
-73 -9 
-73 -8 
-73 -7 
-73 -6 
-73 -5 
-73 -4 
-73 -3 
-73 -2 
-73 -1 
-73 0 
-73 1 
-73 2 
-73 3 
-73 4 
-73 5 
-73 6 
-73 7 
-73 8 
-73 9 
-73 10 
-73 11 
-73 12 
-73 13 
-73 14 
-73 15 
-73 16 
-73 17 
-73 18 
-73 19 
-73 20 
-73 21 
-73 22 
-73 23 
-73 24 
-73 25 
-73 26 
-73 27 
-73 28 
-73 29 
-73 30 
-73 31 
-73 32 
-73 33 
-73 34 
-73 35 
-73 36 
-73 37 
-73 38 
-73 39 
-73 40 
-73 41 
-73 42 
-73 43 
-73 44 
-73 45 
-73 46 
-73 47 
-73 48 
-73 49 
-73 50 
-73 51 
-73 52 
-73 53 
-73 54 
-73 55 
-73 56 
-73 57 
-73 58 
-73 59 
-73 60 
-73 61 
-73 62 
-73 63 
-73 64 
-73 65 
-73 66 
-73 67 
-73 68 
-73 69 
-73 70 
-73 71 
-73 72 
-73 73 
-73 74 
-72 -70 
-72 -69 
-72 -68 
-72 -67 
-72 -66 
-72 -65 
-72 -64 
-72 -62 
-72 -61 
-72 -60 
-72 -59 
-72 -58 
-72 -56 
-72 -55 
-72 -54 
-72 -53 
-72 -52 
-72 -51 
-72 -50 
-72 -49 
-72 -48 
-72 -47 
-72 -46 
-72 -45 
-72 -44 
-72 -43 
-72 -42 
-72 -41 
-72 -40 
-72 -39 
-72 -38 
-72 -37 
-72 -36 
-72 -35 
-72 -34 
-72 -33 
-72 -32 
-72 -31 
-72 -30 
-72 -29 
-72 -28 
-72 -27 
-72 -26 
-72 -25 
-72 -24 
-72 -23 
-72 -22 
-72 -21 
-72 -20 
-72 -19 
-72 -18 
-72 -17 
-72 -16 
-72 -15 
-72 -14 
-72 -13 
-72 -12 
-72 -11 
-72 -10 
-72 -9 
-72 -8 
-72 -7 
-72 -6 
-72 -5 
-72 -4 
-72 -3 
-72 -2 
-72 -1 
-72 0 
-72 1 
-72 2 
-72 3 
-72 4 
-72 5 
-72 6 
-72 7 
-72 8 
-72 9 
-72 10 
-72 11 
-72 12 
-72 13 
-72 14 
-72 15 
-72 16 
-72 17 
-72 18 
-72 19 
-72 20 
-72 21 
-72 22 
-72 23 
-72 24 
-72 25 
-72 26 
-72 27 
-72 28 
-72 29 
-72 30 
-72 31 
-72 32 
-72 33 
-72 34 
-72 35 
-72 36 
-72 37 
-72 38 
-72 39 
-72 40 
-72 41 
-72 42 
-72 43 
-72 44 
-72 45 
-72 46 
-72 47 
-72 48 
-72 49 
-72 50 
-72 51 
-72 52 
-72 53 
-72 54 
-72 55 
-72 56 
-72 57 
-72 58 
-72 59 
-72 60 
-72 61 
-72 62 
-72 63 
-72 64 
-72 65 
-72 66 
-72 67 
-72 68 
-72 69 
-72 70 
-72 71 
-72 72 
-72 73 
-72 74 
-71 -70 
-71 -66 
-71 -62 
-71 -56 
-71 -51 
-71 -49 
-71 -48 
-71 -46 
-71 -42 
-71 -35 
-71 -30 
-71 -28 
-71 -27 
-71 -26 
-71 -16 
-71 -12 
-71 -6 
-71 -5 
-71 12 
-71 13 
-71 14 
-71 19 
-71 22 
-71 23 
-71 24 
-71 33 
-71 43 
-71 47 
-71 56 
-71 57 
-71 61 
-71 62 
-71 63 
-71 66 
-71 70 
-71 71 
-71 72 
-71 73 
-71 74 
-70 -66 
-70 -65 
-70 -64 
-70 -56 
-70 -46 
-70 -32 
-70 -31 
-70 -30 
-70 -17 
-70 -16 
-70 -6 
-70 -1 
-70 14 
-70 19 
-70 20 
-70 21 
-70 22 
-70 32 
-70 33 
-70 47 
-70 57 
-70 61 
-70 66 
-70 72 
-70 73 
-70 74 
-69 -32 
-69 -30 
-69 -17 
-69 -6 
-69 -4 
-69 -3 
-69 -2 
-69 -1 
-69 12 
-69 13 
-69 14 
-69 18 
-69 19 
-69 20 
-69 21 
-69 47 
-69 48 
-69 57 
-69 61 
-69 66 
-69 71 
-69 72 
-69 73 
-68 -32 
-68 -17 
-68 -6 
-68 -4 
-68 3 
-68 14 
-68 20 
-68 47 
-68 48 
-68 57 
-68 58 
-68 66 
-68 72 
-68 73 
-68 74 
-67 -32 
-67 -6 
-67 -5 
-67 -4 
-67 -3 
-67 -2 
-67 3 
-67 4 
-67 14 
-67 18 
-67 19 
-67 20 
-67 25 
-67 26 
-67 27 
-67 28 
-67 58 
-67 66 
-67 72 
-67 73 
-67 74 
-66 -7 
-66 -6 
-66 -5 
-66 2 
-66 3 
-66 14 
-66 15 
-66 16 
-66 19 
-66 20 
-66 21 
-66 22 
-66 23 
-66 24 
-66 25 
-66 26 
-66 28 
-66 56 
-66 57 
-66 58 
-66 66 
-66 72 
-66 73 
-65 -6 
-65 1 
-65 2 
-65 3 
-65 16 
-65 17 
-65 18 
-65 19 
-65 22 
-65 24 
-65 26 
-65 27 
-65 72 
-65 73 
-65 74 
-64 -6 
-64 -3 
-64 -2 
-64 0 
-64 1 
-64 15 
-64 17 
-64 24 
-64 73 
-64 74 
-63 -12 
-63 -10 
-63 -6 
-63 -4 
-63 -3 
-63 -1 
-63 0 
-63 1 
-63 12 
-63 15 
-63 16 
-63 17 
-63 18 
-63 19 
-63 20 
-63 72 
-63 73 
-62 -13 
-62 -12 
-62 -11 
-62 -10 
-62 -9 
-62 -8 
-62 -6 
-62 -3 
-62 -2 
-62 -1 
-62 1 
-62 12 
-62 16 
-62 73 
-61 -9 
-61 -8 
-61 -7 
-61 -6 
-61 -5 
-61 -4 
-61 -3 
-61 0 
-61 1 
-61 2 
-61 12 
-61 13 
-61 15 
-61 16 
-61 73 
-60 -8 
-60 -4 
-60 -3 
-60 -2 
-60 -1 
-60 0 
-60 13 
-60 14 
-60 15 
-60 16 
-60 73 
-59 -8 
-59 -3 
-59 15 
-58 -7 
-58 -6 
-58 -5 
-58 -4 
-58 -3 
-58 12 
-58 13 
-58 14 
-58 15 
-58 16 
-58 17 
-58 18 
-57 -6 
-57 -3 
-57 15 
-57 16 
-57 17 
-56 -8 
-56 -7 
-56 -6 
-56 -4 
-56 -3 
-56 16 
-56 17 
-55 -4 
-55 -3 
-55 -2 
-55 -1 
-55 2 
-55 15 
-55 16 
-55 18 
-55 19 
-55 21 
-54 -4 
-54 -2 
-54 -1 
-54 0 
-54 2 
-54 16 
-54 17 
-54 18 
-54 19 
-54 20 
-54 21 
-53 -4 
-53 -1 
-53 2 
-53 15 
-53 16 
-52 -1 
-52 0 
-52 2 
-52 16 
-51 -2 
-51 -1 
-51 0 
-51 1 
-51 2 
-51 14 
-51 15 
-51 16 
-50 -3 
-50 1 
-50 14 
-50 15 
-49 -5 
-49 -4 
-49 -3 
-49 -2 
-49 -1 
-49 0 
-49 1 
-49 3 
-49 14 
-49 15 
-48 -3 
-48 1 
-48 3 
-48 6 
-48 7 
-48 8 
-48 11 
-48 14 
-48 19 
-47 0 
-47 1 
-47 2 
-47 3 
-47 4 
-47 5 
-47 6 
-47 11 
-47 12 
-47 13 
-47 14 
-47 16 
-47 19 
-47 20 
-47 21 
-46 1 
-46 4 
-46 12 
-46 13 
-46 14 
-46 16 
-46 17 
-46 18 
-46 19 
-45 -42 
-45 -41 
-45 -40 
-45 1 
-45 3 
-45 4 
-45 13 
-45 16 
-44 -44 
-44 -43 
-44 -40 
-44 -39 
-44 4 
-44 5 
-44 11 
-44 12 
-44 13 
-44 16 
-44 17 
-43 -43 
-43 -42 
-43 -41 
-43 -40 
-43 0 
-43 1 
-43 2 
-43 3 
-43 5 
-43 6 
-43 13 
-43 14 
-43 15 
-43 16 
-42 -41 
-42 -37 
-42 2 
-42 3 
-42 4 
-42 5 
-42 13 
-42 14 
-42 16 
-41 -50 
-41 -42 
-41 -41 
-41 -37 
-41 -11 
-41 4 
-41 5 
-41 14 
-40 -51 
-40 -50 
-40 -46 
-40 -45 
-40 -41 
-40 -40 
-40 -39 
-40 -38 
-40 -37 
-40 -11 
-40 -2 
-40 5 
-40 14 
-40 15 
-40 16 
-40 17 
-40 18 
-39 -50 
-39 -48 
-39 -45 
-39 -41 
-39 -40 
-39 -39 
-39 -11 
-39 -2 
-39 4 
-39 5 
-39 11 
-39 12 
-39 13 
-39 14 
-39 15 
-39 51 
-39 52 
-39 53 
-38 -50 
-38 -49 
-38 -48 
-38 -45 
-38 -44 
-38 -41 
-38 -39 
-38 -38 
-38 -11 
-38 -10 
-38 -8 
-38 -7 
-38 -2 
-38 4 
-38 12 
-38 47 
-38 48 
-38 51 
-38 52 
-37 -55 
-37 -54 
-37 -48 
-37 -44 
-37 -39 
-37 -10 
-37 -7 
-37 -5 
-37 -3 
-37 -2 
-37 3 
-37 4 
-37 10 
-37 12 
-37 13 
-37 14 
-37 15 
-37 43 
-37 47 
-37 48 
-37 49 
-37 50 
-37 51 
-36 -54 
-36 -53 
-36 -52 
-36 -51 
-36 -50 
-36 -49 
-36 -48 
-36 -46 
-36 -44 
-36 -41 
-36 -39 
-36 -19 
-36 -12 
-36 -11 
-36 -10 
-36 -7 
-36 -6 
-36 -5 
-36 -4 
-36 -3 
-36 3 
-36 10 
-36 11 
-36 12 
-36 13 
-36 42 
-36 43 
-36 48 
-36 51 
-36 52 
-35 -55 
-35 -54 
-35 -52 
-35 -48 
-35 -46 
-35 -45 
-35 -44 
-35 -43 
-35 -42 
-35 -41 
-35 -40 
-35 -39 
-35 -19 
-35 -18 
-35 -11 
-35 -10 
-35 -5 
-35 -4 
-35 3 
-35 11 
-35 37 
-35 38 
-35 39 
-35 42 
-35 48 
-35 51 
-35 52 
-35 53 
-34 -55 
-34 -49 
-34 -48 
-34 -47 
-34 -46 
-34 -40 
-34 -39 
-34 -19 
-34 -18 
-34 -10 
-34 -6 
-34 -4 
-34 -3 
-34 1 
-34 2 
-34 3 
-34 11 
-34 14 
-34 15 
-34 16 
-34 37 
-34 41 
-34 42 
-34 43 
-34 44 
-34 45 
-34 46 
-34 47 
-34 48 
-33 -56 
-33 -55 
-33 -46 
-33 -40 
-33 -39 
-33 -38 
-33 -19 
-33 -18 
-33 -10 
-33 -6 
-33 -4 
-33 1 
-33 9 
-33 10 
-33 11 
-33 12 
-33 13 
-33 14 
-33 27 
-33 37 
-33 41 
-33 48 
-33 49 
-33 50 
-32 -56 
-32 -38 
-32 -18 
-32 -10 
-32 -9 
-32 -8 
-32 -7 
-32 -6 
-32 -5 
-32 -4 
-32 -3 
-32 -2 
-32 -1 
-32 0 
-32 1 
-32 2 
-32 9 
-32 14 
-32 27 
-32 28 
-32 37 
-32 41 
-32 48 
-32 50 
-31 -38 
-31 -36 
-31 -35 
-31 -24 
-31 -18 
-31 -4 
-31 -3 
-31 -1 
-31 0 
-31 1 
-31 2 
-31 9 
-31 27 
-31 37 
-31 41 
-31 50 
-30 -39 
-30 -38 
-30 -36 
-30 -35 
-30 -25 
-30 -24 
-30 -18 
-30 -16 
-30 -15 
-30 -1 
-30 2 
-30 9 
-30 27 
-30 28 
-30 29 
-30 30 
-30 35 
-30 36 
-30 37 
-30 38 
-30 39 
-30 40 
-30 41 
-29 -38 
-29 -37 
-29 -36 
-29 -35 
-29 -24 
-29 -18 
-29 -16 
-29 2 
-29 4 
-29 5 
-29 6 
-29 9 
-29 10 
-29 11 
-29 28 
-29 29 
-29 33 
-29 34 
-29 35 
-29 40 
-28 -38 
-28 -36 
-28 -35 
-28 -31 
-28 -30 
-28 -27 
-28 -26 
-28 -25 
-28 -24 
-28 -18 
-28 -17 
-28 -16 
-28 2 
-28 3 
-28 4 
-28 5 
-28 6 
-28 9 
-28 10 
-28 11 
-28 29 
-28 34 
-28 38 
-28 39 
-28 43 
-27 -36 
-27 -35 
-27 -34 
-27 -30 
-27 -29 
-27 -27 
-27 -21 
-27 -20 
-27 -19 
-27 -18 
-27 -17 
-27 1 
-27 4 
-27 5 
-27 6 
-27 7 
-27 9 
-27 24 
-27 28 
-27 29 
-27 31 
-27 33 
-27 34 
-27 35 
-27 36 
-27 37 
-27 38 
-27 39 
-27 42 
-27 43 
-27 44 
-26 -42 
-26 -41 
-26 -40 
-26 -34 
-26 -29 
-26 -27 
-26 -18 
-26 0 
-26 1 
-26 2 
-26 6 
-26 7 
-26 8 
-26 9 
-26 21 
-26 23 
-26 24 
-26 25 
-26 26 
-26 27 
-26 28 
-26 29 
-26 30 
-26 31 
-26 32 
-26 33 
-26 34 
-26 38 
-26 39 
-26 40 
-26 41 
-26 42 
-26 44 
-25 -46 
-25 -45 
-25 -44 
-25 -41 
-25 -40 
-25 -34 
-25 -33 
-25 -29 
-25 -28 
-25 -27 
-25 -18 
-25 -17 
-25 -1 
-25 0 
-25 2 
-25 3 
-25 4 
-25 5 
-25 6 
-25 7 
-25 9 
-25 21 
-25 22 
-25 23 
-25 24 
-25 25 
-25 26 
-25 29 
-25 32 
-25 38 
-25 41 
-25 44 
-24 -44 
-24 -43 
-24 -40 
-24 -38 
-24 -37 
-24 -36 
-24 -35 
-24 -34 
-24 -33 
-24 -32 
-24 -31 
-24 -27 
-24 -17 
-24 6 
-24 7 
-24 9 
-24 10 
-24 11 
-24 12 
-24 17 
-24 18 
-24 22 
-24 26 
-24 32 
-24 40 
-24 41 
-23 -43 
-23 -42 
-23 -41 
-23 -40 
-23 -36 
-23 -35 
-23 -32 
-23 -31 
-23 -30 
-23 -29 
-23 -27 
-23 -26 
-23 -17 
-23 5 
-23 6 
-23 17 
-23 20 
-23 21 
-23 22 
-23 26 
-23 27 
-23 41 
-23 42 
-23 43 
-23 44 
-22 -45 
-22 -43 
-22 -42 
-22 -40 
-22 -39 
-22 -38 
-22 -37 
-22 -36 
-22 -33 
-22 -32 
-22 -29 
-22 -26 
-22 -17 
-22 -16 
-22 2 
-22 3 
-22 6 
-22 17 
-22 18 
-22 20 
-22 43 
-21 -72 
-21 -46 
-21 -45 
-21 -44 
-21 -43 
-21 -39 
-21 -34 
-21 -33 
-21 -29 
-21 -28 
-21 -27 
-21 -26 
-21 -25 
-21 -24 
-21 -22 
-21 -20 
-21 -17 
-21 3 
-21 4 
-21 6 
-21 16 
-21 17 
-21 20 
-20 -72 
-20 -44 
-20 -43 
-20 -41 
-20 -40 
-20 -39 
-20 -38 
-20 -37 
-20 -36 
-20 -35 
-20 -34 
-20 -31 
-20 -30 
-20 -29 
-20 -27 
-20 -25 
-20 -23 
-20 -22 
-20 -21 
-20 -20 
-20 -19 
-20 -18 
-20 -17 
-20 4 
-20 5 
-20 6 
-20 7 
-20 16 
-20 17 
-20 18 
-20 19 
-20 20 
-20 21 
-20 22 
-19 -73 
-19 -72 
-19 -71 
-19 -41 
-19 -40 
-19 -34 
-19 -30 
-19 -26 
-19 -25 
-19 -24 
-19 -23 
-19 -19 
-19 -17 
-19 3 
-19 4 
-19 16 
-19 18 
-19 35 
-18 -74 
-18 -73 
-18 -43 
-18 -42 
-18 -41 
-18 -34 
-18 -30 
-18 -29 
-18 -26 
-18 -17 
-18 -16 
-18 -15 
-18 4 
-18 12 
-18 13 
-18 14 
-18 15 
-18 16 
-18 17 
-18 18 
-18 19 
-18 23 
-18 24 
-18 30 
-18 32 
-18 34 
-18 35 
-17 -73 
-17 -72 
-17 -44 
-17 -43 
-17 -41 
-17 -34 
-17 -17 
-17 2 
-17 3 
-17 4 
-17 12 
-17 16 
-17 17 
-17 19 
-17 20 
-17 21 
-17 22 
-17 23 
-17 24 
-17 29 
-17 30 
-17 31 
-17 32 
-17 33 
-17 34 
-16 -74 
-16 -73 
-16 -43 
-16 -42 
-16 -41 
-16 -40 
-16 -37 
-16 -36 
-16 -35 
-16 -34 
-16 -33 
-16 -17 
-16 3 
-16 4 
-16 5 
-16 11 
-16 12 
-16 13 
-16 14 
-16 17 
-16 18 
-16 20 
-16 24 
-16 25 
-16 26 
-16 27 
-16 29 
-16 33 
-15 -74 
-15 -73 
-15 -72 
-15 -71 
-15 -38 
-15 -37 
-15 -36 
-15 -18 
-15 -17 
-15 -16 
-15 -15 
-15 -13 
-15 3 
-15 4 
-15 10 
-15 11 
-15 13 
-15 26 
-15 27 
-15 28 
-15 29 
-15 30 
-15 33 
-15 34 
-14 -73 
-14 -72 
-14 -15 
-14 -14 
-14 -13 
-14 4 
-14 5 
-14 8 
-14 9 
-14 10 
-14 26 
-14 30 
-13 -72 
-13 -15 
-13 5 
-13 8 
-13 10 
-12 -73 
-12 -72 
-12 -71 
-12 -21 
-12 -20 
-12 -19 
-12 -18 
-12 -15 
-12 -5 
-12 -4 
-12 -3 
-12 -2 
-12 1 
-12 5 
-12 7 
-12 8 
-12 10 
-12 11 
-12 12 
-11 -74 
-11 -73 
-11 -72 
-11 -20 
-11 -18 
-11 -15 
-11 -14 
-11 -9 
-11 -8 
-11 -5 
-11 -4 
-11 -2 
-11 -1 
-11 0 
-11 1 
-11 5 
-11 6 
-11 7 
-10 -74 
-10 -73 
-10 -72 
-10 -71 
-10 -25 
-10 -23 
-10 -20 
-10 -18 
-10 -17 
-10 -14 
-10 -8 
-10 -4 
-10 -3 
-10 1 
-10 2 
-10 3 
-10 4 
-10 5 
-10 6 
-10 9 
-10 10 
-9 -74 
-9 -73 
-9 -72 
-9 -26 
-9 -25 
-9 -23 
-9 -21 
-9 -20 
-9 -18 
-9 -17 
-9 -16 
-9 -15 
-9 -14 
-9 -8 
-9 -5 
-9 -3 
-9 -2 
-9 -1 
-9 1 
-9 6 
-9 7 
-9 8 
-9 9 
-9 10 
-9 53 
-8 -74 
-8 -73 
-8 -72 
-8 -25 
-8 -24 
-8 -23 
-8 -22 
-8 -21 
-8 -20 
-8 -19 
-8 -18 
-8 -14 
-8 -8 
-8 -5 
-8 -4 
-8 -2 
-8 0 
-8 1 
-8 7 
-8 9 
-8 52 
-8 53 
-8 54 
-8 55 
-7 -74 
-7 -73 
-7 -25 
-7 -18 
-7 -14 
-7 -13 
-7 -12 
-7 -11 
-7 -10 
-7 -9 
-7 -8 
-7 -4 
-7 -3 
-7 -2 
-7 -1 
-7 0 
-7 7 
-7 9 
-7 10 
-7 51 
-7 52 
-6 -74 
-6 -73 
-6 -72 
-6 -71 
-6 -70 
-6 -25 
-6 -18 
-6 -14 
-6 -10 
-6 -9 
-6 -8 
-6 -5 
-6 -4 
-6 -3 
-6 -2 
-6 -1 
-6 3 
-6 52 
-5 -74 
-5 -73 
-5 -72 
-5 -25 
-5 -18 
-5 -11 
-5 -10 
-5 -9 
-5 -8 
-5 -2 
-5 -1 
-5 3 
-5 24 
-5 25 
-5 26 
-5 30 
-5 31 
-5 52 
-5 53 
-5 58 
-5 59 
-4 -74 
-4 -73 
-4 -72 
-4 -16 
-4 -15 
-4 -14 
-4 -8 
-4 -1 
-4 0 
-4 1 
-4 2 
-4 3 
-4 15 
-4 23 
-4 24 
-4 25 
-4 30 
-4 36 
-4 52 
-4 56 
-4 58 
-3 -74 
-3 -73 
-3 -72 
-3 -16 
-3 -14 
-3 -13 
-3 -8 
-3 -1 
-3 0 
-3 2 
-3 3 
-3 4 
-3 13 
-3 15 
-3 24 
-3 25 
-3 28 
-3 29 
-3 30 
-3 36 
-3 37 
-3 52 
-3 53 
-3 54 
-3 55 
-3 56 
-3 58 
-3 59 
-2 -74 
-2 -73 
-2 -72 
-2 -17 
-2 -16 
-2 -13 
-2 -12 
-2 -11 
-2 -10 
-2 -8 
-2 -6 
-2 -1 
-2 3 
-2 13 
-2 14 
-2 15 
-2 23 
-2 24 
-2 28 
-2 29 
-2 30 
-2 35 
-2 36 
-2 52 
-2 55 
-2 56 
-2 57 
-2 58 
-1 -74 
-1 -73 
-1 -72 
-1 -10 
-1 -9 
-1 -8 
-1 -7 
-1 -6 
-1 -5 
-1 -4 
-1 -3 
-1 -2 
-1 -1 
-1 13 
-1 24 
-1 25 
-1 26 
-1 27 
-1 28 
-1 35 
-1 48 
-1 49 
-1 50 
-1 51 
-1 52 
0 -74 
0 -73 
0 -72 
0 -71 
0 -70 
0 -7 
0 -1 
0 0 
0 1 
0 2 
0 7 
0 8 
0 10 
0 13 
0 14 
0 15 
0 24 
0 25 
0 35 
0 36 
0 37 
0 48 
0 51 
0 52 
1 -74 
1 -73 
1 -72 
1 -33 
1 -29 
1 -13 
1 -7 
1 0 
1 1 
1 2 
1 3 
1 4 
1 5 
1 6 
1 7 
1 8 
1 9 
1 10 
1 11 
1 12 
1 13 
1 14 
1 23 
1 24 
1 25 
1 35 
1 43 
1 44 
1 45 
1 46 
1 47 
1 48 
1 49 
1 52 
2 -74 
2 -73 
2 -72 
2 -33 
2 -32 
2 -29 
2 -13 
2 -12 
2 -11 
2 -10 
2 -9 
2 -8 
2 -7 
2 0 
2 2 
2 7 
2 9 
2 11 
2 14 
2 15 
2 16 
2 17 
2 18 
2 19 
2 20 
2 22 
2 23 
2 24 
2 34 
2 35 
2 38 
2 43 
2 46 
2 48 
2 49 
2 52 
2 53 
2 54 
2 55 
2 56 
2 58 
3 -74 
3 -73 
3 -72 
3 -32 
3 -31 
3 -30 
3 -29 
3 -28 
3 -10 
3 -9 
3 -7 
3 0 
3 2 
3 3 
3 9 
3 11 
3 16 
3 17 
3 18 
3 22 
3 23 
3 24 
3 31 
3 32 
3 33 
3 34 
3 35 
3 36 
3 37 
3 38 
3 39 
3 40 
3 41 
3 42 
3 43 
3 44 
3 52 
3 56 
3 57 
3 58 
4 -74 
4 -73 
4 -72 
4 -35 
4 -34 
4 -33 
4 -32 
4 -28 
4 -27 
4 -24 
4 -23 
4 -22 
4 -7 
4 -4 
4 -3 
4 -2 
4 -1 
4 0 
4 2 
4 3 
4 18 
4 22 
4 30 
4 32 
4 37 
4 41 
4 43 
4 58 
5 -74 
5 -73 
5 -72 
5 -31 
5 -30 
5 -29 
5 -28 
5 -27 
5 -26 
5 -25 
5 -24 
5 -23 
5 -22 
5 -21 
5 -20 
5 -19 
5 -18 
5 -17 
5 -7 
5 0 
5 18 
5 19 
5 20 
5 21 
5 22 
5 23 
5 24 
5 25 
5 26 
5 27 
5 28 
5 29 
5 30 
5 31 
5 32 
5 33 
5 34 
5 35 
5 37 
5 41 
5 43 
5 44 
5 58 
6 -74 
6 -73 
6 -72 
6 -29 
6 -28 
6 -25 
6 -23 
6 -21 
6 -17 
6 -16 
6 -15 
6 -14 
6 -13 
6 -10 
6 -9 
6 -8 
6 -7 
6 0 
6 1 
6 18 
6 22 
6 24 
6 25 
6 32 
6 41 
6 44 
6 45 
7 -74 
7 -73 
7 -72 
7 -71 
7 -70 
7 -32 
7 -30 
7 -29 
7 -28 
7 -25 
7 -23 
7 -17 
7 -14 
7 -13 
7 -10 
7 -8 
7 -3 
7 -2 
7 -1 
7 0 
7 1 
7 2 
7 3 
7 4 
7 5 
7 6 
7 7 
7 22 
7 25 
7 26 
7 45 
8 -74 
8 -73 
8 -72 
8 -34 
8 -32 
8 -30 
8 -29 
8 -26 
8 -25 
8 -13 
8 -12 
8 -11 
8 -10 
8 -8 
8 0 
8 3 
8 7 
8 8 
8 22 
9 -74 
9 -73 
9 -72 
9 -48 
9 -47 
9 -34 
9 -32 
9 -31 
9 -30 
9 -26 
9 -21 
9 -20 
9 -19 
9 -18 
9 -17 
9 -16 
9 -15 
9 -14 
9 -13 
9 -12 
9 -10 
9 -9 
9 0 
9 3 
9 7 
9 8 
9 9 
9 12 
9 22 
9 23 
9 24 
9 25 
10 -74 
10 -73 
10 -72 
10 -47 
10 -34 
10 -33 
10 -32 
10 -27 
10 -26 
10 -19 
10 -14 
10 -12 
10 -10 
10 -9 
10 0 
10 2 
10 3 
10 4 
10 5 
10 8 
10 9 
10 10 
10 11 
10 12 
10 13 
10 14 
10 15 
10 16 
10 17 
10 18 
10 25 
10 26 
10 28 
10 69 
10 70 
10 72 
11 -74 
11 -73 
11 -72 
11 -56 
11 -55 
11 -47 
11 -32 
11 -29 
11 -27 
11 -19 
11 -15 
11 -14 
11 -12 
11 -10 
11 0 
11 4 
11 5 
11 10 
11 12 
11 16 
11 18 
11 19 
11 26 
11 27 
11 28 
11 29 
11 30 
11 68 
11 69 
11 72 
12 -74 
12 -73 
12 -72 
12 -71 
12 -57 
12 -56 
12 -55 
12 -54 
12 -47 
12 -46 
12 -34 
12 -29 
12 -28 
12 -27 
12 -21 
12 -20 
12 -19 
12 -17 
12 -16 
12 -15 
12 -14 
12 -13 
12 -12 
12 -10 
12 -9 
12 0 
12 4 
12 10 
12 12 
12 29 
12 33 
12 43 
12 44 
12 69 
12 70 
12 71 
12 72 
12 73 
13 -74 
13 -73 
13 -72 
13 -55 
13 -49 
13 -48 
13 -47 
13 -34 
13 -31 
13 -30 
13 -29 
13 -17 
13 -13 
13 -10 
13 -2 
13 -1 
13 0 
13 1 
13 4 
13 5 
13 10 
13 12 
13 29 
13 33 
13 34 
13 38 
13 39 
13 40 
13 41 
13 42 
13 43 
13 69 
13 72 
13 73 
14 -74 
14 -73 
14 -72 
14 -71 
14 -61 
14 -60 
14 -55 
14 -54 
14 -53 
14 -48 
14 -47 
14 -39 
14 -38 
14 -37 
14 -34 
14 -33 
14 -30 
14 -17 
14 -10 
14 -9 
14 -2 
14 1 
14 4 
14 5 
14 12 
14 13 
14 14 
14 15 
14 29 
14 30 
14 31 
14 32 
14 33 
14 34 
14 38 
14 40 
14 41 
14 59 
14 66 
14 67 
14 68 
14 69 
14 70 
14 71 
14 72 
14 73 
15 -74 
15 -73 
15 -72 
15 -63 
15 -61 
15 -60 
15 -55 
15 -54 
15 -50 
15 -49 
15 -48 
15 -37 
15 -36 
15 -35 
15 -34 
15 -33 
15 -30 
15 -18 
15 -17 
15 -11 
15 -10 
15 -4 
15 -3 
15 -2 
15 4 
15 5 
15 11 
15 12 
15 13 
15 29 
15 30 
15 32 
15 33 
15 34 
15 35 
15 36 
15 37 
15 38 
15 40 
15 51 
15 59 
15 67 
15 70 
15 73 
16 -74 
16 -73 
16 -72 
16 -71 
16 -63 
16 -62 
16 -61 
16 -54 
16 -52 
16 -49 
16 -33 
16 -32 
16 -31 
16 -30 
16 -19 
16 -18 
16 -17 
16 -16 
16 -11 
16 -4 
16 -2 
16 0 
16 1 
16 2 
16 3 
16 4 
16 5 
16 6 
16 13 
16 14 
16 15 
16 34 
16 36 
16 38 
16 39 
16 40 
16 41 
16 42 
16 43 
16 51 
16 52 
16 55 
16 59 
16 63 
16 64 
16 65 
16 66 
16 67 
16 73 
17 -74 
17 -73 
17 -72 
17 -61 
17 -60 
17 -59 
17 -55 
17 -54 
17 -53 
17 -52 
17 -49 
17 -48 
17 -44 
17 -43 
17 -36 
17 -35 
17 -34 
17 -33 
17 -31 
17 -30 
17 -19 
17 -17 
17 -11 
17 -4 
17 -3 
17 6 
17 14 
17 36 
17 43 
17 45 
17 47 
17 48 
17 49 
17 51 
17 55 
17 58 
17 59 
17 60 
17 61 
17 62 
17 63 
17 66 
17 67 
17 72 
17 73 
17 74 
18 -74 
18 -73 
18 -72 
18 -61 
18 -59 
18 -58 
18 -57 
18 -52 
18 -50 
18 -49 
18 -43 
18 -40 
18 -39 
18 -38 
18 -35 
18 -26 
18 -25 
18 -24 
18 -18 
18 -17 
18 -16 
18 -11 
18 -4 
18 6 
18 13 
18 14 
18 15 
18 16 
18 18 
18 36 
18 37 
18 43 
18 44 
18 45 
18 46 
18 47 
18 48 
18 49 
18 50 
18 51 
18 52 
18 55 
18 56 
18 57 
18 58 
18 60 
18 63 
19 -74 
19 -73 
19 -72 
19 -57 
19 -56 
19 -55 
19 -54 
19 -53 
19 -52 
19 -51 
19 -50 
19 -49 
19 -48 
19 -47 
19 -46 
19 -45 
19 -44 
19 -43 
19 -42 
19 -41 
19 -40 
19 -39 
19 -38 
19 -37 
19 -36 
19 -35 
19 -34 
19 -26 
19 -24 
19 -23 
19 -22 
19 -21 
19 -20 
19 -19 
19 -18 
19 -17 
19 -16 
19 -4 
19 5 
19 6 
19 15 
19 16 
19 17 
19 18 
19 35 
19 36 
19 37 
19 43 
19 44 
19 49 
19 52 
19 53 
19 54 
19 55 
20 -74 
20 -73 
20 -72 
20 -54 
20 -53 
20 -50 
20 -46 
20 -45 
20 -38 
20 -37 
20 -26 
20 -23 
20 -21 
20 -20 
20 -6 
20 -5 
20 -4 
20 -3 
20 4 
20 5 
20 6 
20 7 
20 16 
20 17 
20 36 
20 49 
20 54 
21 -74 
21 -73 
21 -72 
21 -52 
21 -51 
21 -50 
21 -46 
21 -45 
21 -37 
21 -36 
21 -26 
21 -21 
21 -20 
21 -5 
21 4 
21 17 
21 18 
21 19 
21 20 
21 27 
21 28 
21 35 
21 36 
21 37 
21 38 
21 39 
21 54 
21 55 
22 -74 
22 -73 
22 -72 
22 -53 
22 -52 
22 -50 
22 -46 
22 -45 
22 -38 
22 -37 
22 -36 
22 -35 
22 -22 
22 -21 
22 -7 
22 -6 
22 -5 
22 4 
22 5 
22 14 
22 15 
22 16 
22 17 
22 20 
22 21 
22 27 
22 37 
22 38 
22 54 
22 55 
22 56 
22 57 
22 58 
22 59 
22 60 
22 62 
22 63 
23 -74 
23 -73 
23 -72 
23 -63 
23 -55 
23 -54 
23 -53 
23 -48 
23 -47 
23 -46 
23 -45 
23 -40 
23 -39 
23 -38 
23 -5 
23 -2 
23 3 
23 4 
23 16 
23 21 
23 22 
23 23 
23 24 
23 25 
23 26 
23 27 
23 28 
23 51 
23 52 
23 53 
23 54 
23 55 
23 59 
23 60 
23 61 
23 62 
24 -74 
24 -73 
24 -72 
24 -71 
24 -70 
24 -67 
24 -65 
24 -64 
24 -63 
24 -62 
24 -60 
24 -59 
24 -58 
24 -57 
24 -56 
24 -55 
24 -48 
24 -40 
24 -39 
24 -7 
24 -6 
24 -5 
24 -4 
24 -3 
24 -2 
24 4 
24 15 
24 16 
24 21 
24 22 
24 24 
24 25 
24 26 
24 27 
24 52 
24 54 
24 61 
24 65 
24 68 
24 69 
25 -74 
25 -73 
25 -72 
25 -71 
25 -70 
25 -69 
25 -68 
25 -67 
25 -66 
25 -65 
25 -64 
25 -63 
25 -62 
25 -61 
25 -60 
25 -55 
25 -48 
25 -40 
25 -39 
25 -8 
25 -7 
25 -4 
25 4 
25 5 
25 13 
25 14 
25 15 
25 16 
25 22 
25 23 
25 27 
25 28 
25 29 
25 30 
25 31 
25 32 
25 52 
25 61 
25 62 
25 63 
25 64 
25 65 
25 66 
25 67 
25 68 
25 69 
26 -74 
26 -73 
26 -72 
26 -70 
26 -68 
26 -66 
26 -64 
26 -60 
26 -56 
26 -55 
26 -48 
26 -40 
26 -15 
26 -14 
26 -13 
26 -12 
26 -11 
26 -10 
26 -9 
26 -8 
26 -5 
26 -4 
26 -3 
26 5 
26 15 
26 23 
26 27 
26 30 
26 52 
26 60 
26 61 
26 62 
26 64 
26 65 
26 66 
27 -74 
27 -73 
27 -72 
27 -71 
27 -70 
27 -66 
27 -65 
27 -60 
27 -56 
27 -50 
27 -49 
27 -48 
27 -40 
27 -39 
27 -19 
27 -18 
27 -17 
27 -16 
27 -15 
27 -14 
27 -11 
27 -10 
27 -8 
27 -5 
27 -3 
27 5 
27 13 
27 14 
27 15 
27 22 
27 23 
27 24 
27 25 
27 27 
27 28 
27 29 
27 30 
27 31 
27 32 
27 51 
27 52 
27 60 
27 64 
27 66 
28 -74 
28 -73 
28 -72 
28 -71 
28 -66 
28 -61 
28 -60 
28 -59 
28 -56 
28 -52 
28 -51 
28 -50 
28 -48 
28 -39 
28 -38 
28 -22 
28 -21 
28 -19 
28 -14 
28 -11 
28 -5 
28 5 
28 6 
28 14 
28 22 
28 23 
28 28 
28 31 
28 60 
28 61 
28 64 
29 -74 
29 -73 
29 -72 
29 -71 
29 -60 
29 -56 
29 -51 
29 -50 
29 -48 
29 -40 
29 -39 
29 -21 
29 -20 
29 -19 
29 -15 
29 -14 
29 -11 
29 -5 
29 -4 
29 20 
29 21 
29 22 
29 23 
29 30 
29 31 
29 32 
29 33 
29 34 
29 35 
29 36 
29 37 
29 38 
29 39 
29 40 
29 64 
30 -74 
30 -73 
30 -72 
30 -60 
30 -57 
30 -56 
30 -50 
30 -48 
30 -39 
30 -38 
30 -20 
30 -19 
30 -15 
30 -14 
30 -11 
30 -10 
30 -4 
30 19 
30 20 
30 23 
30 30 
30 36 
30 39 
30 64 
31 -74 
31 -73 
31 -72 
31 -57 
31 -48 
31 -47 
31 -38 
31 -22 
31 -21 
31 -19 
31 -14 
31 -10 
31 -5 
31 -4 
31 -3 
31 -2 
31 23 
31 24 
31 36 
32 -74 
32 -73 
32 -72 
32 -47 
32 -38 
32 -21 
32 -20 
32 -19 
32 -16 
32 -15 
32 -14 
32 -11 
32 -10 
32 -5 
32 -2 
32 23 
32 36 
32 37 
33 -74 
33 -73 
33 -72 
33 -50 
33 -49 
33 -48 
33 -47 
33 -46 
33 -38 
33 -22 
33 -21 
33 -20 
33 -16 
33 -15 
33 -14 
33 -13 
33 -12 
33 -2 
33 -1 
33 0 
33 18 
33 19 
33 22 
33 23 
33 24 
33 25 
33 26 
34 -74 
34 -73 
34 -72 
34 -71 
34 -47 
34 -21 
34 -16 
34 -7 
34 -6 
34 -5 
34 -4 
34 -3 
34 -2 
34 0 
34 1 
34 2 
34 19 
34 20 
34 21 
34 22 
34 26 
34 27 
35 -74 
35 -73 
35 -72 
35 -71 
35 -47 
35 -23 
35 -22 
35 -21 
35 -16 
35 -4 
35 -2 
35 -1 
35 1 
35 19 
35 22 
35 23 
36 -74 
36 -73 
36 -72 
36 -47 
36 -25 
36 -24 
36 -23 
36 -21 
36 -20 
36 -16 
36 -2 
36 -1 
36 18 
36 19 
36 22 
37 -74 
37 -73 
37 -72 
37 -47 
37 -27 
37 -26 
37 -25 
37 -23 
37 -17 
37 -16 
37 -15 
37 -1 
37 0 
37 19 
37 21 
37 22 
38 -74 
38 -73 
38 -72 
38 -26 
38 -15 
38 -2 
38 -1 
38 18 
38 20 
38 21 
38 22 
38 23 
38 24 
38 25 
39 -74 
39 -73 
39 -72 
39 -71 
39 -26 
39 -16 
39 -15 
39 -2 
39 -1 
39 16 
39 17 
39 18 
39 19 
39 20 
39 22 
39 24 
39 25 
39 29 
39 33 
40 -74 
40 -73 
40 -72 
40 -27 
40 -26 
40 -17 
40 -16 
40 -5 
40 -4 
40 -3 
40 -2 
40 -1 
40 0 
40 1 
40 2 
40 3 
40 4 
40 24 
40 25 
40 26 
40 27 
40 28 
40 29 
40 33 
41 -74 
41 -73 
41 -72 
41 -27 
41 -17 
41 -3 
41 -2 
41 0 
41 4 
41 24 
41 31 
41 33 
42 -74 
42 -73 
42 -72 
42 -17 
42 -3 
42 0 
42 24 
42 25 
42 26 
42 27 
42 28 
42 29 
42 30 
42 31 
42 32 
42 33 
42 34 
43 -74 
43 -73 
43 -72 
43 -20 
43 -17 
43 -15 
43 -3 
43 22 
43 23 
43 24 
43 26 
43 31 
43 32 
43 34 
43 35 
44 -74 
44 -73 
44 -72 
44 -25 
44 -24 
44 -23 
44 -22 
44 -21 
44 -20 
44 -19 
44 -18 
44 -17 
44 -16 
44 -15 
44 -5 
44 -3 
44 -2 
44 -1 
44 23 
45 -74 
45 -73 
45 -72 
45 -27 
45 -24 
45 -21 
45 -18 
45 -16 
45 -15 
45 -5 
45 -4 
45 -3 
45 23 
46 -74 
46 -73 
46 -72 
46 -71 
46 -70 
46 -69 
46 -27 
46 -26 
46 -25 
46 -24 
46 -18 
46 -15 
46 -14 
46 -13 
46 -12 
46 -5 
46 -3 
46 -2 
46 22 
46 23 
46 26 
47 -74 
47 -73 
47 -72 
47 -25 
47 -24 
47 -23 
47 -19 
47 -18 
47 -17 
47 -14 
47 -2 
47 20 
47 23 
47 24 
47 25 
47 26 
47 27 
47 28 
47 29 
48 -74 
48 -73 
48 -72 
48 -25 
48 -19 
48 -18 
48 -15 
48 -14 
48 -13 
48 -2 
48 -1 
48 0 
48 20 
48 21 
48 22 
48 23 
48 25 
48 29 
48 30 
48 31 
49 -74 
49 -73 
49 -72 
49 -25 
49 -18 
49 -14 
49 -3 
49 -2 
49 20 
49 23 
49 25 
49 29 
49 30 
49 31 
49 32 
50 -74 
50 -73 
50 -72 
50 -30 
50 -29 
50 -28 
50 -27 
50 -26 
50 -25 
50 -24 
50 -18 
50 -14 
50 -4 
50 -3 
50 -2 
50 17 
50 18 
50 19 
50 20 
50 21 
50 23 
50 25 
50 30 
51 -74 
51 -73 
51 -72 
51 -67 
51 -27 
51 -26 
51 -18 
51 -14 
51 -3 
51 20 
51 23 
51 25 
51 30 
52 -74 
52 -73 
52 -72 
52 -71 
52 -70 
52 -69 
52 -68 
52 -67 
52 -27 
52 -18 
52 14 
52 15 
52 16 
52 17 
52 18 
52 19 
52 20 
52 25 
52 26 
52 27 
52 30 
53 -74 
53 -73 
53 -72 
53 -68 
53 -67 
53 -66 
53 -27 
53 -22 
53 -21 
53 -20 
53 -19 
53 -18 
53 -17 
53 -16 
53 15 
53 19 
53 27 
53 30 
53 31 
54 -74 
54 -73 
54 -72 
54 -18 
54 19 
54 20 
54 27 
54 30 
54 31 
55 -73 
55 -72 
55 -71 
55 -20 
55 -19 
55 -18 
55 -17 
55 -16 
55 -15 
55 19 
55 27 
55 30 
55 31 
55 32 
55 33 
56 -74 
56 -73 
56 -72 
56 -20 
56 -19 
56 17 
56 18 
56 19 
56 20 
56 27 
56 30 
56 32 
56 33 
56 34 
57 -74 
57 -73 
57 -72 
57 -19 
57 18 
57 19 
57 20 
57 21 
57 22 
57 23 
57 30 
58 -74 
58 -73 
58 -72 
58 -71 
58 -70 
58 -19 
58 12 
58 13 
58 16 
58 17 
58 18 
58 23 
58 24 
58 25 
58 26 
58 30 
59 -74 
59 -73 
59 -72 
59 -19 
59 -18 
59 13 
59 14 
59 15 
59 16 
59 17 
59 23 
60 -74 
60 -73 
60 -72 
60 -21 
60 -20 
60 -19 
60 -18 
60 11 
60 12 
60 13 
60 14 
60 16 
60 17 
60 18 
60 21 
60 23 
60 24 
61 -74 
61 -73 
61 -72 
61 -18 
61 -17 
61 12 
61 14 
61 17 
61 20 
61 21 
61 22 
61 23 
62 -74 
62 -73 
62 -72 
62 -18 
62 -17 
62 -16 
62 9 
62 10 
62 11 
62 12 
62 14 
62 17 
62 22 
62 23 
63 -73 
63 -72 
63 -71 
63 -18 
63 11 
63 14 
63 22 
63 23 
63 24 
64 -74 
64 -73 
64 -72 
64 -18 
64 11 
64 14 
64 15 
64 16 
64 22 
64 23 
65 -74 
65 -73 
65 -72 
65 14 
65 22 
66 -74 
66 -73 
66 -72 
66 -71 
66 -70 
66 21 
66 22 
66 23 
67 -74 
67 -73 
67 -72 
67 -70 
67 22 
67 23 
68 -74 
68 -73 
68 -72 
68 23 
69 -72 
69 -71 
69 21 
69 22 
69 23 
69 24 
70 -73 
70 -72 
70 21 
70 22 
70 24 
70 25 
70 26 
71 -72 
71 -71 
71 -70 
71 16 
71 17 
71 18 
71 19 
71 22 
71 26 
71 31 
71 33 
72 -73 
72 -72 
72 17 
72 18 
72 19 
72 20 
72 21 
72 22 
72 23 
72 24 
72 25 
72 26 
72 28 
72 29 
72 30 
72 31 
72 32 
72 33 
73 -74 
73 -73 
73 -72 
73 -71 
73 -70 
73 15 
73 16 
73 17 
73 18 
73 20 
73 21 
73 22 
73 23 
73 24 
73 25 
73 26 
73 27 
73 28 
73 29 
73 30 
73 31 
73 32 
73 33 
73 34 
74 -72 
74 16 
74 17 
74 20 
74 21 
74 22 
74 23 
74 24 
74 26 
74 28 
74 30 
74 32 
