0.5 0.557938 0.557685 9.99409 -2 -1 1 6.78416e-05 1.6969e-05
0.6 0.583542 0.583411 9.99407 -1.99999 -0.999997 1 0.000256391 6.4269e-05
0.7 0.607421 0.619516 9.99405 -1.99991 -0.999978 1 0.000665111 0.000167314
0.8 0.605476 0.607185 9.99396 -1.99963 -0.999907 1 0.00136783 0.000346187
0.9 0.625431 0.631701 9.99384 -1.99885 -0.99971 1 0.00241454 0.000617014
1 0.652747 0.656708 9.99366 -1.99716 -0.999275 1 0.00382318 0.000990569
1.1 0.695134 0.710441 9.99342 -1.99397 -0.998446 1 0.00560964 0.00148018
1.2 0.746175 0.774207 9.9931 -1.9886 -0.997027 1 0.00777612 0.00210066
1.3 0.811815 0.856718 9.99268 -1.98026 -0.994771 1 0.01033 0.00287449
1.4 0.902584 0.984744 9.99212 -1.96809 -0.991386 1 0.0132858 0.00383715
1.5 1.01819 1.15849 9.99139 -1.95111 -0.986497 1 0.0166609 0.0050398
1.6 1.1878 1.43838 9.99043 -1.92823 -0.979615 1 0.0204975 0.00657532
1.7 1.40517 1.82234 9.98918 -1.89817 -0.970077 1 0.0248367 0.00856385
1.8 1.72991 2.45867 9.9875 -1.85929 -0.956847 1 0.0298201 0.0113122
1.9 2.19227 3.39991 9.98523 -1.80951 -0.938316 1 0.0356236 0.0153328
2 2.87357 4.80586 9.98218 -1.74556 -0.911325 1 0.0425659 0.0219487
2.1 3.88477 6.71689 9.97793 -1.66217 -0.868865 1 0.0514887 0.0352066
2.2 5.48451 9.9884 9.97084 -1.54624 0.17578 1 0.0652524 0.76882
2.3 6.92088 9.96218 9.94428 -1.36793 -0.0026767 1 0.0811781 0.566746
2.4 5.43598 9.8168 9.79786 -1.20757 -0.00444112 1 0.0661114 0.306359
2.5 4.11029 9.48516 9.46433 -1.1063 -0.00176602 1 0.0581873 0.197385
2.6 3.32117 9.02617 9.00377 -1.02828 -0.000402272 1 0.0546 0.149973
2.7 2.73064 8.47444 8.451 -0.963637 -0.000190212 1 0.0521439 0.123008
2.8 2.26599 7.87964 7.85564 -0.908106 -0.000105793 1 0.0502079 0.105799
2.9 1.91864 7.27196 7.24771 -0.859904 -3.47054e-05 1 0.0487578 0.0938752
3 1.62924 6.68555 6.66143 -0.817275 -3.70315e-05 1 0.0474945 0.0849894
3.1 1.4105 6.13794 6.11404 -0.779353 4.3153e-05 1 0.04647 0.0784255
3.2 1.22609 5.61122 5.58775 -0.745169 -3.89287e-05 1 0.0455734 0.0729342
3.3 1.08283 5.13041 5.10742 -0.714193 -7.6237e-05 1 0.0448342 0.0685689
3.4 0.962762 4.69372 4.67126 -0.68596 5.90001e-06 1 0.0441568 0.0649254
3.5 0.860365 4.311 4.28912 -0.660132 2.63357e-05 1 0.0435438 0.0618934
3.6 0.770022 3.96324 3.94198 -0.636289 -4.69405e-05 1 0.0429925 0.0592372
3.7 0.701065 3.64405 3.62338 -0.614297 -3.29292e-05 1 0.0425435 0.0569496
3.8 0.639453 3.37036 3.35024 -0.593942 -1.18741e-05 1 0.0421129 0.0550112
3.9 0.588615 3.12905 3.10948 -0.574916 -2.13303e-05 1 0.0417167 0.0532956
4 0.542145 2.91155 2.89253 -0.557248 -4.98613e-06 1 0.041381 0.0517297
